70835 94074 75817 60806 49596 99434 35801 58993 58230 83252 98097 93014 72615 71322 41386 67311 93565 74738 76363 17033 27064 23607 27027 29219 17592 10236 40541 38954 91289 11445 84576 91200 31077 37680 74672 10883 89535 14811 1615 7862 76379 36478 89930 46564 90135 69795 70010 29723 68640 40751 68469 34065 72551 70258 59461 53424 50551 82256 891 41655 81061 76754 10775 71752 25765 15376 58784 21288 48105 31231 62187 59046 70141 38306 33940 77589 23605 3200 25112 33908 63701 960 78559 89643 96181 69811 49293 72156 90848 47404 56158 84549 78451 57630 19557 78288 39159 23691 86175 29416
93168 25220 22124 76556 97394 2127 12438 29426 84977 93399 37493 28193 33423 79257 51833 86082 51453 67866 94129 89078 14688 71620 54107 44498 38775 53810 70681 60382 24708 91951 41946 92760 58377 39278 54518 9155 7767 76347 85601 83161 48714 79831 13435 17781 14137 55574 88170 27617 20570 13960 56729 11842 796 5707 14734 56502 39540 5448 30796 85577 89296 48835 11394 24089 21473 95148 28464 42414 67595 50913 87228 93961 44169 44021 95184 79507 2853 34238 63894 52064 51629 17434 98930 4270 40505 29706 11255 70367 31809 49317 80415 65176 83244 65763 33281 49418 77432 97756 67294 63948
99659 30565 5129 61380 23881 17177 752 56455 76848 43729 74938 62349 9346 67970 76271 71935 77580 69658 51821 37955 27413 14192 84441 94372 28319 81656 38787 76526 10511 42365 86933 20760 26970 57497 95949 58461 53310 87819 28193 10513 80601 29804 64446 6587 79408 33712 32493 68659 55563 91025 36394 15701 74676 77159 61706 74879 47498 73679 82725 62805 6700 20367 46039 50742 62881 45614 62562 17173 58530 50455 75252 97657 6633 11334 53314 96617 79723 63412 733 38344 63797 81911 89536 31256 9474 7324 12505 21706 4414 26468 51868 87144 39057 91566 24776 51834 64485 42900 79029 35546
61837 13549 5706 17442 900 26667 44266 56557 31161 25887 14992 10616 17657 9968 53140 56514 48934 79113 21451 68651 90853 71101 6343 15521 27569 16868 7451 24718 22738 7404 5549 80253 86814 50471 54433 45098 91641 67377 15616 75551 5813 18247 28413 61442 22793 31847 29194 95211 44275 64335 81794 13222 94216 68225 49865 50085 11271 25618 50288 22510 95498 12529 995 94552 54215 35412 52189 88965 22184 51900 58110 29811 14532 99022 43922 97638 31654 37948 11825 5139 36511 76980 61693 35221 90372 93901 60545 53689 87351 40521 7424 24666 18082 29975 26076 85624 13226 34519 88425 50509
1747 98870 19180 45809 30138 8177 87251 65547 37772 46667 11206 69116 58482 37481 10639 37479 33796 52971 70709 26621 48990 73187 57862 84068 28771 80295 36183 79255 74578 39611 60173 21772 84959 64116 74798 61357 65414 5034 33133 83243 756 94417 7617 10698 21986 63567 45028 71313 75804 43280 96103 22462 79264 38076 25894 34062 59211 9497 89380 82592 73650 70620 98474 28239 21276 92148 58940 36359 84418 98618 6491 78597 80464 32652 91453 81750 41250 93724 83513 73666 27468 59570 82426 68572 96037 69621 56254 30671 65799 98820 40245 6941 11186 6346 77091 30078 55094 19900 76305 65381
51436 14262 22133 94313 82242 58403 10472 19666 12143 65556 54831 11639 35596 10153 97504 72616 94177 74172 71274 11762 3703 96027 96372 25290 40754 57813 54192 71352 73949 56920 77687 38749 78722 12003 33577 77560 77885 62822 63100 9158 97698 91213 15848 75557 344 84843 12670 44843 82401 63775 1132 17226 29867 38952 70563 60266 98600 57479 4487 93308 6455 84817 22412 87787 69693 61454 99404 98392 54204 9109 29583 82666 14136 54597 22426 99177 52902 14838 37747 15307 4251 30087 17778 2138 30132 16256 89858 80515 11723 46323 82229 22883 64293 19227 86056 88027 77402 79077 69958 76384
58459 88911 22885 91291 11378 79473 53593 80024 17438 15229 49137 26528 12439 67403 9285 34607 11277 67750 82784 62060 62567 86812 58505 48027 2609 68203 25608 10669 96157 14878 13841 71252 5389 67325 38641 7701 28250 4182 3579 75413 2099 64240 33019 89105 17540 60301 79227 26626 88237 81205 1111 83528 42387 4910 92433 5860 47500 56068 14598 58876 34662 16024 92763 92143 95401 6108 17702 42476 40262 48581 60290 79785 39597 9844 16614 35593 26085 99150 33413 12817 53695 11595 34061 55707 77376 95346 55256 35156 89064 73195 75268 83101 13116 94943 28358 87281 4358 96786 57640 97938
58636 83189 95352 14330 2594 66188 91907 41621 52959 85509 40898 60673 79789 62252 82579 44263 23841 16268 29560 78091 20980 93219 73127 38416 68207 24843 45375 79825 88681 60210 37818 36795 10277 93539 77573 74665 7030 46559 10833 41982 70475 12059 60778 378 80623 48253 24512 22666 80770 57923 63674 654 30611 47571 75995 5896 24791 48127 16607 79017 88362 5590 33009 11232 13913 87498 23946 20673 23173 47927 59474 26238 10354 39387 72900 71970 71511 38814 18673 67442 29044 15519 77222 63727 68426 61172 22953 59024 58588 51013 34841 14543 81198 8439 40962 29578 60627 29267 31365 6593
46248 9219 99967 66707 69977 41869 65687 29807 13233 63147 70782 21985 15869 84452 5411 69878 69171 29980 70707 90254 80833 86099 10783 22321 16719 93592 54312 54553 65364 27619 54230 50251 21092 45950 55883 57501 98639 93946 13600 92250 12895 3889 85960 42619 90157 43890 4776 52433 31033 58369 86996 56879 37295 20775 97808 74633 79126 76335 13707 49481 48157 47615 97732 19056 91231 13400 94189 971 83178 80930 40809 43656 41767 66621 16486 5993 54616 48244 8086 71263 58281 2430 73684 77494 79645 25779 93171 96548 35828 2659 78861 86291 92852 4676 35046 21491 85513 47362 9441 82540
5006 84514 10117 4729 98792 69377 15656 44831 7306 82507 73801 66362 93859 81808 4230 51572 3713 84760 41207 14736 7757 92154 11700 35205 65358 26200 7808 2463 59951 28428 29051 90115 65563 41231 17133 8125 4401 12571 70592 54102 95806 81672 54005 33386 35526 64803 77223 25840 45546 90358 92101 16457 65575 6469 94822 47661 66961 61864 91878 41299 50172 41312 18890 69077 25484 74499 61728 16442 22926 7775 51076 96121 28021 645 73785 66628 12539 21078 68316 88547 56461 19007 98940 22131 18535 20737 90458 86056 22520 38299 98259 11463 92624 81 40843 52055 45705 47734 74534 70879
8724 84591 44110 52191 76851 18404 31466 95885 432 67759 12741 735 36409 18833 62549 15187 53906 92256 50159 33839 88013 66641 77962 45950 16967 69720 37392 33154 87903 51857 50866 41248 49195 31674 87160 99008 28232 12646 73941 26104 95033 99554 26737 94115 75715 49584 45421 6810 48441 7056 60234 82419 13580 7155 13684 90646 3542 3195 56279 95841 56814 50106 55173 50722 69892 11377 10988 43828 66306 87890 16442 7845 34994 60445 50436 13685 16909 94616 4347 91797 27591 31231 76995 6375 95417 26603 2647 86213 60882 69761 97622 52834 38595 52155 67916 54159 56886 62262 92847 72859
23524 39593 25500 21651 63792 17025 25908 99334 92635 58621 70246 75219 44795 16761 61684 79680 51188 7954 72809 48094 75985 465 14051 1357 66851 13627 73235 39286 1065 676 34312 96222 94624 99002 45632 68065 1567 92848 24484 73599 56554 43656 76500 80428 42946 56713 95920 99849 91611 30916 21904 48901 74494 64267 19394 17890 82590 79188 720 38267 95841 94529 2858 99561 24884 18724 33008 10450 42368 95293 82605 63968 44347 44901 86221 96393 53670 78041 37717 42712 26581 60811 11503 45510 76859 36496 92891 65304 65950 77237 25660 4373 98237 91662 48397 42483 1432 95232 92722 9769
80258 61466 98511 90781 44395 40281 58981 24679 35006 89827 96772 68038 80622 3950 20923 97437 31742 96625 79034 14992 97556 38251 74525 68708 2819 67734 59117 24085 76976 91473 88275 84960 28044 35617 98423 73105 86096 85250 21741 73567 67849 16300 70171 73988 25205 9865 4953 4026 41254 96184 34396 1378 59522 33371 95083 80715 19704 46278 1658 8488 69077 73893 32437 65349 54959 99634 44589 82575 16808 12801 81786 18175 89227 62005 44532 64530 42622 56135 16651 22156 17795 83750 67688 95746 3351 81384 5512 35335 1318 29350 54770 34739 6642 31470 26809 85256 40205 4189 58671 60544
73312 1777 29815 90194 94676 45702 36189 87680 10883 69445 2392 10323 54130 53909 22304 13305 62219 81201 5545 6304 8948 30791 38540 94041 16805 24580 76943 50604 95511 47693 91233 14314 36069 74188 92865 2833 29635 53727 5462 2422 16473 74203 92224 83716 83481 93993 68472 7376 48256 14217 30997 69354 34856 47030 84890 43988 70265 21848 20365 36354 1188 90032 73089 250 41431 99994 96512 54261 15704 22147 52146 64835 77483 10311 20967 18049 85414 20446 67042 76015 85599 88836 52866 38395 11983 8308 32620 28466 21269 59549 20964 42850 3149 48100 86399 86599 14059 69905 18430 16894
56793 63899 84115 41051 34226 88970 39475 49388 40758 99842 6786 62000 94773 68589 63231 24170 10959 52225 55076 23102 6070 60478 61964 12511 58439 81645 26788 36535 10139 10549 76056 93214 65719 89464 26935 79689 7031 37591 39521 97632 98989 92995 63669 66585 70357 47256 65260 6931 48692 85338 37368 81904 5859 98594 64802 58751 8960 63302 13414 96705 41918 2413 4562 12112 81279 29357 33055 64581 13569 41471 78772 81789 48047 48026 49469 8924 8006 73885 71870 31926 37166 72507 58084 72950 58674 49805 98745 67050 37187 18537 28702 90101 97325 60332 66231 43155 56839 42354 12509 49272
81097 30566 52708 57820 46743 82591 54853 72726 65182 5852 80784 40864 47230 6930 53689 4279 62689 71952 15068 21654 89916 16510 6019 17978 2232 52833 64393 36291 16095 40310 33273 74468 1196 13779 56841 82842 92031 1347 9043 44436 52905 6699 53108 23875 64886 86140 44896 37088 10111 19346 25242 92892 63450 62916 83807 83765 63168 98110 73913 54638 66822 30403 51599 31394 97953 59486 46724 50827 63068 85366 82998 74641 23030 22019 81698 936 38016 6542 68140 55814 50633 90870 43811 53918 66968 67790 40191 59840 21009 32727 89788 57471 1578 89936 1248 81723 44560 91160 23618 92781
3856 37357 40770 67344 72808 40610 82517 40821 84315 3416 81079 68683 8144 7878 85975 37002 65194 1255 95081 29421 18453 90201 56455 92623 66387 64889 27640 42107 53197 88340 47985 51509 22198 46935 73612 77845 31069 75085 38927 35789 52955 93103 68016 94059 28875 63312 92290 87486 84404 84465 957 14914 7212 10475 77097 50249 22584 10843 35962 65069 24906 47399 10014 24011 68796 58964 73832 46016 95939 80029 46338 94932 53595 97188 31405 98613 34665 832 40423 24466 31271 36612 75629 2445 9089 67812 84951 35963 34090 83300 3478 34874 27109 62925 67376 78284 75654 21472 87551 77499
67127 15409 46273 27222 2911 5175 16738 8912 39874 93853 46514 81033 32320 93387 24911 66798 22317 65342 26465 80046 46492 91757 77972 40125 40352 77332 47402 20865 48346 26052 61591 38233 88551 55901 22343 48940 53004 63095 28597 48128 3904 75717 20649 88583 70336 34463 32331 56315 11995 42108 56483 86455 83685 68356 34240 34684 11698 10747 25417 26817 53966 53936 92169 41038 25119 70518 38015 22410 13842 31530 82733 73812 72508 94338 87112 80530 62868 65422 81810 31552 47625 94383 16620 16635 24778 16603 55844 65068 26595 79555 53621 93370 52124 54395 95754 91044 34977 34388 83299 76777
93053 73396 5211 74449 11671 35457 69908 53585 76070 84962 56567 49803 12278 96340 11799 6651 27702 67709 86899 8010 3272 33019 27384 13764 65430 62372 21727 73633 64907 87083 54425 59577 19225 41377 31755 62441 81203 60782 9556 46498 1536 88903 55663 94498 95061 46327 88723 7926 49353 58521 68762 10290 13541 42212 70371 97882 10384 65621 70364 48858 22924 33718 10439 46232 56578 60480 86139 45195 86133 732 63560 24398 52080 12345 42543 16711 38070 48359 91418 32222 17747 84968 51210 76332 85054 31468 69894 38696 84165 6736 25047 92371 96914 93561 92365 79480 58654 99344 64208 80062
7924 14663 12476 77218 36678 6952 36932 84020 69276 60910 99891 36212 73599 14070 34873 99250 7166 6747 30236 26557 45817 66958 59819 63850 1731 82212 45121 30502 21794 24509 52236 49396 94864 21550 23242 664 83622 15249 29388 20444 37199 57826 28707 19685 6149 18628 55995 77115 6395 60761 3959 28861 59538 53805 314 19027 68 55300 38206 13189 34267 26140 66039 13529 38636 91448 56840 99425 11826 98305 85478 91772 33648 58015 63530 32102 75626 1110 6926 3413 16798 53540 19108 95067 26369 78054 96903 15049 85494 97588 81868 72457 89912 65626 76772 80620 96839 37920 42339 22528
12935 85072 71291 126 93657 64332 5881 52317 69359 45168 74837 18716 80525 22590 1266 10122 40747 37466 72827 81651 66766 93330 92928 3098 86210 814 23991 58123 97024 96425 72393 9227 61560 77161 73468 38671 69258 70810 71887 261 80148 88737 71697 62516 85486 9910 62040 83388 93618 37467 94110 50601 98351 97183 49563 37935 25815 92493 31467 59546 65094 91137 92870 85414 74188 16827 6088 32520 39956 57588 79118 681 82103 88738 3411 43794 6818 51989 97680 97056 20779 33608 45073 67184 88856 75308 32912 92848 31762 64798 13919 9835 47112 15665 66628 99942 90348 18529 36444 61409
23811 10242 67510 50794 47470 36395 64070 25634 78108 70754 90035 45421 20457 5487 67606 9530 5784 39379 33498 92830 41847 64211 47059 56034 70360 64876 57733 61517 84548 80060 89211 53445 47716 21394 32794 64616 6157 83675 42020 14965 74145 70327 34791 10813 36069 69941 55135 35820 47113 72508 33263 50627 84014 6750 65623 56787 90483 73961 18400 54095 79662 92404 68715 62867 51818 99464 70931 39812 36187 36230 47389 40387 85871 70043 83082 3771 48118 43725 45844 32024 8245 33169 56825 16728 16412 88269 62283 11099 97856 97023 62720 30736 35593 90617 97424 91725 90348 1852 41027 37357
22036 8998 12916 13480 37905 63040 53790 74553 39233 62906 12936 79449 95309 91598 14255 46333 13065 5665 22897 82876 4944 49318 50223 82573 6231 64681 81149 86417 63378 99174 13557 6453 66108 26972 94938 62817 10385 16497 51725 2309 37377 41418 25952 36053 25948 92242 48561 98209 84882 99981 38517 48475 9316 41339 60167 86047 72771 43684 23022 26646 80540 87285 81568 96285 99186 31393 38119 17391 47122 97433 80348 39962 87480 66974 32144 83400 28035 36109 86365 70797 32057 89772 58169 84202 18140 87056 65957 55589 1689 25034 96138 13983 43642 48215 27828 7678 43168 55271 61247 97286
97749 372 12874 7178 16925 75134 30228 96724 47099 63174 72012 84367 19155 917 41651 36152 83340 19105 70387 21082 96939 99689 27572 73795 27481 3665 59269 45853 53664 42888 7603 65112 84843 2612 27298 29754 50118 62379 18319 32904 67914 91353 83633 59469 18610 40353 73861 67502 88356 82483 17440 85051 35079 88311 14555 8402 77279 57995 98774 99729 52866 38669 72928 69606 64401 23699 28365 47365 65133 20492 19334 63792 24740 27142 31132 34639 72888 47603 32610 35083 55373 29924 38233 49386 58867 5791 94256 20317 96227 5520 57185 55196 89781 34560 13221 55398 49899 74423 91010 42930
26536 42678 18730 58434 90859 53673 98234 47148 96001 93349 88492 38068 88948 27166 20573 84435 22054 7158 40096 24742 59042 71231 18728 14411 14474 47915 20094 54696 40023 45383 41195 56559 20222 1329 29712 90545 58483 98279 37903 31601 67296 88076 46782 64324 5784 71940 28148 98042 38780 45653 64056 94800 20533 8377 33812 94000 32375 17938 19696 38319 93759 8452 44070 79191 91547 63196 8519 8256 55863 63934 46078 62525 75434 63644 89755 57991 82253 38523 43178 96573 76032 27157 23657 33793 59060 52176 17923 47859 98499 93373 58612 5601 58688 57373 62752 6945 6201 93906 8982 91056
37414 45018 9116 96377 41612 19441 30233 66603 77906 55737 67341 90764 20866 84582 44131 96989 7619 90337 36659 30445 76376 61485 52082 76703 28516 30115 60701 17121 29274 90175 74029 77485 22127 52415 32551 48287 41566 60398 49816 3932 31243 76527 55175 77416 71019 30813 55890 83856 5938 5442 86030 85244 47730 67780 69954 57576 66199 71851 91855 21799 14657 55991 47124 46212 26997 6740 35710 62284 40928 7438 77809 84565 98610 17036 97679 16913 71081 88792 17075 91408 6217 27863 16508 93466 95332 64503 99729 62233 73956 90890 76966 97859 32295 59682 49130 78440 24346 29307 79831 76447
25 16026 54048 22424 43304 39292 44379 15252 50644 69017 76075 7647 91605 55765 6014 1645 8736 64955 84871 42764 13056 12951 95590 30104 45859 79682 98457 82684 37134 29222 90348 2193 72577 61245 47482 4993 61725 33376 48393 77039 9040 93625 39130 74679 83451 97509 40216 89585 3972 66312 71066 32589 38058 64833 74927 2736 86306 29156 6588 56808 33079 88487 36028 33437 91835 58812 17321 1592 83180 50797 18780 10391 3382 79242 61726 8825 8722 8668 99783 61261 56767 32979 30747 84106 14049 38499 13900 67244 78440 97950 52243 80835 95030 3549 33239 71269 10881 27223 16636 7592
6560 48409 82891 53548 25854 26354 46531 30962 1551 8121 67489 61870 52798 59363 22989 42382 88834 59825 3293 39095 54424 8520 67700 85318 82556 34667 47366 26568 47322 10850 63599 74268 90053 34300 62979 50985 55709 72545 31718 10211 75085 55476 79664 55966 9492 5743 34182 64088 2644 83527 58302 46339 94352 64155 57080 55777 95694 80461 89456 26740 1523 25635 67406 14994 61926 80753 49438 27608 28039 36741 74447 37695 33987 54163 63355 36549 88570 79123 7782 17011 88264 20486 82500 22769 77426 35414 29682 18639 24066 94703 18396 65729 49767 43489 17807 47329 99035 20797 80386 85601
98245 62906 82806 62541 33234 47 96360 58843 39418 24564 77300 52360 6520 49757 60358 29368 81208 94067 86175 47383 83159 94020 4214 36499 99153 16968 56331 43765 4145 41133 89625 17261 62767 17777 17238 20141 11921 10227 87230 5651 82049 21137 31401 8904 36255 37212 41962 3428 85745 65826 51159 34993 49237 21868 43124 19912 44066 15455 75590 3231 82722 57974 75899 46832 2679 13774 84761 15003 90392 56356 65214 78570 7993 6316 83821 62097 2713 36929 70612 12583 85907 40532 66030 66513 71717 19209 50382 65927 60850 81238 82744 11040 62588 40657 27590 85302 72728 20696 20301 80945
18020 89663 89377 44032 54472 1927 12805 573 81382 42176 69626 59813 31889 7510 52391 35703 49429 10875 19041 31700 65946 90502 93936 675 9801 61806 16674 87504 48904 38715 94545 40557 2080 4388 68017 38202 13602 18847 41065 67791 55343 3938 37451 61368 46810 29762 70008 38044 8898 41283 91661 6047 48922 81883 59915 20564 59074 55760 7944 22106 4286 85077 44643 70553 23671 54534 55848 44735 3963 44234 9532 41251 51403 12187 14963 74805 96701 52670 61552 16934 48944 75995 40197 48894 43762 29764 25760 98419 40168 50079 12743 37907 31450 72213 5667 16832 42169 20555 53034 26702
39891 32582 17169 2916 62363 68987 84092 30742 12060 46749 48853 55981 43260 45770 97251 18338 75765 16209 32271 84602 96198 86676 83441 54282 59257 44020 53594 50765 51845 33435 1157 58029 90132 28115 42328 28412 2365 13417 82204 58834 69728 99125 91825 75010 26515 49607 22234 28807 67523 63801 78285 78108 28266 35490 31464 97234 64598 59160 5451 97666 7914 68760 4445 72072 35002 45515 91176 77280 60342 36997 48146 54473 30995 83377 81279 98912 49246 15206 9906 85448 55210 58913 62153 54970 86318 24642 52776 62556 51081 1749 6425 56461 97443 68237 78353 97823 61554 64392 38181 78643
90335 52050 82274 80039 50031 79585 8660 15744 55918 69452 28866 72359 35957 97245 46866 27760 33488 79957 13896 6564 49614 74583 36112 92708 29411 67991 9284 4963 56102 70424 37146 22931 84865 80522 39506 22444 45506 43076 79336 34808 21534 90568 20334 6935 96437 19134 32055 78413 93318 59507 85460 38365 85937 83309 94955 36744 78551 29156 47515 22180 34676 90428 95019 59522 45365 38575 1582 67126 91178 72609 37672 45054 84423 83261 21462 90087 65656 88982 75761 7459 51458 29868 93771 28930 41649 25850 92767 22987 97487 41028 39698 75519 47869 48724 82585 46106 92156 27387 43609 66471
15557 22318 8382 82574 13362 54888 16147 17491 23628 8049 54759 78245 72312 22975 55058 16679 53312 21030 83686 96827 39686 66972 24213 65470 93350 55450 25136 69818 86237 51674 82838 57783 66007 26201 19714 97691 28365 67756 48723 50911 54274 66195 4061 61299 82205 96884 7890 94319 52345 67945 41938 15751 48827 60585 64324 44182 12995 92625 36917 42672 1709 80288 57462 17199 63124 30969 6921 76347 43129 34237 37603 44780 89675 30174 55825 5960 9683 59800 47657 74282 49996 99606 29351 61173 9624 57721 70795 26696 75599 40187 74116 28361 68787 20589 77623 12960 69774 43525 69419 80725
86836 27066 25672 7568 45572 17185 49849 13734 40951 35673 16165 69796 18824 66209 54286 49585 76432 22661 63105 7172 85336 61119 91256 28263 96013 96104 20513 60920 40115 34081 33796 26132 21902 46369 3048 65887 52887 94484 99654 94767 44289 60291 9352 59030 77962 815 48460 54650 72819 12712 74916 53469 8839 79831 73761 41468 3131 17624 28797 95922 25322 70306 13034 18115 68323 55671 2910 94455 8267 3512 10276 10373 68564 87304 93169 35011 20260 70399 29438 84737 96742 58893 3909 70799 911 84783 34621 93875 64015 54990 32110 31938 34573 10296 49192 91213 1910 7443 23404 10014
91574 86425 26926 65377 36837 25999 66579 56110 47276 61429 8544 69289 75772 45872 14201 98648 17135 76105 19442 59442 68051 95185 40108 33880 82659 66856 17560 12898 2232 15910 83683 84181 80363 29428 7811 32560 93544 28357 62153 40283 51084 15623 52397 83201 78592 58310 80325 54051 46270 26556 25711 60007 10031 53993 50657 69965 78783 66219 2733 94032 6836 47834 14157 33726 81316 42013 60033 80590 51787 57719 17064 99001 99484 53169 36679 10635 47097 70849 34771 49746 80015 26433 18817 96290 95732 94931 66401 91700 83283 6038 7635 29031 16567 58986 95007 1250 76094 5345 3893 81817
7155 31352 71389 52618 812 76876 53305 80651 51707 77081 66796 60285 30226 41237 3360 86053 435 53106 87386 22253 47233 37283 50308 72013 32976 82185 3454 71038 28490 74254 31952 50088 61050 74264 94752 77784 34055 7061 21949 51937 60303 37752 3520 23858 6836 31273 27622 72474 7751 89432 26900 86720 30472 37062 87101 94864 35043 40157 63306 62129 36194 28249 91101 89387 19278 31302 59465 12327 10299 55798 79047 84768 29543 4876 73666 51851 29875 13345 21494 17115 43331 466 59238 53532 2322 32628 88748 66022 83446 77812 47038 62177 99880 79242 25140 46264 788 26652 74117 48720
61764 92609 23019 31922 58782 18070 73425 61549 8836 11599 14949 23307 39059 55386 73155 5248 67821 7945 83184 71996 3517 82194 98527 17841 45726 58227 15491 75542 60512 24291 21624 71341 37672 23308 62454 31220 2243 14342 81602 32462 54016 78643 19640 65834 23644 51136 65345 15001 14283 71044 33341 79383 27175 61293 52469 2476 8484 56875 14098 36497 60350 63948 31370 6174 19382 79545 93574 31650 88438 89892 75273 77032 72609 44596 16514 24771 66982 43100 51632 33151 88350 83638 45533 25550 52905 89684 33256 88366 12796 41345 49743 65056 34568 49249 72856 96657 1029 42603 22558 95486
71494 90757 29432 1565 16761 25238 23910 31003 29742 48873 76090 10302 68054 19782 92838 58352 67437 15304 42704 48020 47468 53800 51662 60776 69261 29795 78606 10934 27614 39278 73098 95534 24808 24952 48566 10380 86402 24588 98374 95885 33120 10491 16462 29067 22757 1316 99745 85302 71735 87373 34415 33045 83923 21794 62402 56502 33458 80456 18587 32036 92227 90302 37264 13444 53265 60744 33021 30503 99319 65925 22210 35734 92115 60149 73069 22449 67226 7511 12447 40095 59246 53381 64346 10912 65818 46543 63904 79086 73621 71014 41331 540 59901 62952 81481 15992 65495 97174 18183 5171
27075 51539 49003 36055 18076 97781 14137 55290 35288 72148 71684 17835 68947 15921 4797 33999 1489 46757 85880 83101 78603 97313 7208 42341 40441 15989 41169 70026 3978 81386 5693 86834 10560 81501 66568 2778 93998 15737 85557 54963 10364 463 62313 50887 73114 60555 68897 61621 38905 82104 3174 48928 52740 52989 37945 52662 71195 34714 6552 72883 43367 54499 3630 74826 3612 45485 41166 66448 68602 35356 62513 9532 8442 69091 32296 44967 32392 73972 36483 28440 14186 63138 92189 2146 53208 71481 21251 21307 60226 9048 80712 13631 1246 92761 9008 12696 29048 68347 68482 24446
32052 6686 20360 49745 34440 33282 79307 63017 68813 57131 99981 64810 42921 4464 88732 5578 5106 2145 80683 82289 53631 83113 53205 10505 33720 98527 68373 31129 64446 42260 87940 9605 22378 81312 31635 8810 11189 68806 65796 25225 9074 38847 21710 26223 20784 76515 29861 71780 67979 50182 37216 60748 52702 96272 71383 75924 77549 11406 94518 66737 82759 26942 21249 19722 95299 30045 61658 53682 86544 41939 65999 77798 749 89830 65234 47662 79225 49868 21904 63659 96143 58345 20830 1751 22477 58245 24392 92826 50638 58998 40667 4207 25357 39135 48094 54978 22268 37741 68262 37368
20905 91903 49432 64843 31288 44721 76498 90181 55872 78026 68084 75354 51708 44775 74037 89645 18184 66582 99974 73149 73827 47786 28872 6156 15760 19505 71571 51828 75277 45806 45955 17463 98127 29861 50516 20701 66052 1320 22474 66203 15442 75394 44838 2696 76339 19723 64480 13434 54173 64169 96153 78612 36490 16819 24744 78618 20515 17549 17556 31565 27292 27490 77901 16444 33986 20565 32961 33788 28524 41800 93388 86538 94671 84896 90460 32344 16279 75168 67121 91037 61635 25194 10095 55754 32991 36326 82926 62583 54649 42565 64884 40536 45724 23892 49789 241 74112 84122 51288 60126
83032 20626 97804 68579 48477 44332 2056 84047 85640 74150 60068 17853 42309 45199 71663 22563 42430 51550 68890 12128 58562 6364 18886 47203 19356 98134 8273 90213 82116 60098 50681 11716 41724 99222 98036 18618 86305 88221 43431 17811 990 98062 14700 23417 21268 45503 13185 65351 47189 19188 66844 19134 44050 24493 55562 3395 31059 2997 50848 14561 15195 27102 29395 49828 19778 67121 63802 64464 14808 30040 95845 96429 70102 16238 58581 12907 84524 66599 15774 37849 14493 51371 14833 85910 94636 82747 60397 68184 64875 27972 93997 47367 873 78136 31680 85709 39097 67087 78827 35952
86639 39294 81165 3972 54680 16769 28379 34317 14837 44862 85278 64255 28845 4403 31612 25229 82068 50102 18000 85320 73729 89989 39255 21247 68519 98922 23380 72391 86069 58838 84397 43807 71501 91553 18694 32193 28706 90701 75577 19411 59592 40420 80157 72068 52446 39298 98169 8587 88306 77231 96657 2488 31558 18776 74228 31053 30028 13074 60683 84818 65502 38992 36117 75957 20260 48991 37265 98 6729 98115 10556 85869 1302 16735 42675 85716 32993 83164 78124 80316 9076 34194 8371 7776 90133 82303 76042 73135 81401 59536 72576 4843 26113 63686 74585 95936 20910 41174 53715 60759
27657 58735 95853 85375 4488 29411 79174 38289 45646 92970 50245 85610 1666 37390 24220 27734 29964 32171 62401 44300 36776 72068 17366 38111 47429 37603 51017 12906 51533 24822 28900 30683 18234 55193 23265 47748 99873 24856 87734 52249 25694 78925 50840 38428 84899 61525 43996 87021 55473 74785 75945 19434 46977 44856 28248 4971 79382 74161 22300 42237 61339 1287 79237 23802 91489 73428 67506 54347 13641 77623 6236 44376 16306 61053 50508 70078 30136 95450 41755 10622 20029 69717 79411 9637 52823 96279 21399 75241 4863 9989 566 76091 66741 72145 19463 35313 38467 19080 54038 95233
72109 64247 7910 40323 58455 29574 61625 48600 84568 58110 43996 91563 23851 95713 45942 48999 42159 84681 40658 65419 59962 60244 98453 18724 47101 98476 88579 30357 86534 93848 28891 44325 28302 23941 38467 17782 5768 94198 38799 37613 91877 92761 79148 40046 11958 63168 61514 11549 47355 48324 19318 41003 87094 75535 64989 71534 56407 82077 68602 49165 26131 10008 61961 18103 61741 82775 55484 27145 42931 38895 23898 31839 15291 26638 45992 98295 66574 76109 14183 38716 50371 27505 78861 58752 91193 94268 99056 87805 57814 51797 9323 23224 19101 22997 66756 57916 38965 18297 3019 19147
22810 73029 41736 37786 47910 78160 41634 85974 41085 34815 48418 10196 42587 70339 59739 34042 22533 60805 38053 49881 49262 88311 47025 69266 97551 92635 21758 73660 53912 28109 7103 34879 81001 2525 14981 90571 82438 19404 81273 7560 93622 7214 31649 36541 36666 66513 73098 38611 36673 57442 8183 98404 90393 8711 52774 78491 99992 83157 48941 69024 16507 63782 32592 97322 89218 27959 70320 55028 33861 75434 78079 37913 59896 11395 72138 81268 78162 49653 42801 16570 38388 25009 69500 38753 25734 95184 32812 38055 45674 88041 15460 40851 17702 58268 85774 55785 34476 50577 27625 61644
12867 19134 34374 32885 51528 41174 39043 97 77293 37426 96818 61838 65444 58312 41323 38442 75732 41813 71705 27052 74907 44308 26654 52777 59584 17691 63258 10160 79609 86686 46271 33578 83514 82370 18999 66245 41494 64504 56759 33810 28869 10099 30508 77427 60720 60640 31622 18599 38661 40882 25386 93032 55439 87988 53842 87020 24404 4667 21550 89001 55858 36446 27047 38690 43609 27194 65838 82302 53972 55918 46741 32272 97692 26521 97729 49377 98286 60535 76596 29045 28009 37816 8058 69509 34218 92354 14998 52902 93295 10397 67361 63140 27875 5044 71914 86450 65656 87382 17582 58884
82224 62606 8524 64132 34567 93520 37501 43233 63793 21275 7987 44391 82896 85766 18637 12028 53997 95886 3513 75179 28765 90049 88329 91264 76981 85718 66388 72075 13619 6652 56416 81147 77801 17782 34724 26184 46315 60030 32909 20185 46367 41624 72213 49492 72277 76370 43565 45821 46843 38380 24408 77868 71093 86849 81743 4669 17792 45900 45825 59908 73450 92418 66801 81547 17122 53630 12102 85948 83552 37201 32 96534 65471 78155 45317 22324 95561 17198 32952 92575 72263 29550 46544 94365 95029 59799 20612 9806 27100 75999 8012 56954 80725 66132 62858 34145 646 19126 48819 70280
29385 69647 32790 26064 82014 46147 76557 66002 93111 583 70202 93518 24475 5206 16692 72264 4820 12668 76778 75765 52023 49988 14528 30637 56934 68563 44951 67035 56419 93295 89426 11597 65676 75243 31724 83904 16525 48073 16008 80309 19052 5681 99366 74820 36067 64189 58042 57184 40019 97867 84361 38287 23239 19815 39236 27171 32194 21726 16606 60297 87881 72116 80196 58250 11821 99064 14693 84469 70938 56662 83694 87758 14522 8885 46083 23774 799 94673 95983 56955 26025 19257 22291 32327 95111 18 17436 90020 45476 84937 51595 25774 64829 40365 90169 73008 43927 76489 77344 50080
91926 74403 47614 30182 76259 16558 51571 29112 36078 72444 36206 80720 43049 5821 37458 74109 92051 49667 59566 15629 45903 47784 91163 75111 96758 56401 125 18726 30727 19147 30211 9463 62381 43261 59162 21300 43278 50791 41559 33826 55482 37003 90443 86982 69945 28247 64391 37464 67308 1250 17397 79433 53977 67183 94733 48974 93136 23631 12111 77615 12436 54856 33774 82355 5019 37958 79045 46458 61866 15303 38110 5383 22390 39564 38898 5915 93494 94874 75262 22208 12403 18498 47245 72172 57987 95359 90923 37059 3710 41594 846 57948 4608 82656 14704 65958 14168 70672 17579 99334
62724 5896 91533 45116 70063 30165 27532 23628 65397 24445 22670 63968 87192 68400 23382 51685 91505 81598 48840 4408 67920 16813 4673 806 22307 71036 37371 7660 26128 94315 32026 56335 24835 95057 3414 34884 9514 55287 29010 58885 6356 47804 78340 80156 91717 95444 77882 33226 75537 51309 33837 96120 48071 13079 50299 5817 15546 58995 59193 53826 20802 48147 82973 12430 58577 50136 96197 24002 8594 44121 81246 37848 23593 51714 23453 63097 65518 63766 68770 7585 59501 24059 4134 52406 45891 4037 9509 4269 66015 93729 6039 36510 10992 31837 11121 93917 90840 43608 89869 83997
46697 69621 9337 3613 70805 34111 11244 61417 27514 78795 73590 50066 74104 5463 87727 74299 59278 94677 80461 21098 95801 98315 49810 80420 74627 77001 92677 50115 91936 68799 95850 34285 97729 20186 13104 18786 76184 56846 3570 25950 25776 7187 62515 86828 48247 90389 93660 31114 30582 73425 53851 77368 7090 77156 98895 92350 54935 45259 16576 31752 5560 53882 19981 42477 33556 51871 65727 8947 21300 47512 35443 20807 65988 15639 63855 53049 58066 95831 91016 29337 15510 64028 41391 91794 32852 24720 63763 22490 15320 39997 16344 96398 8181 29112 99908 49544 19595 85243 68057 6360
63804 58575 57554 44297 11863 62356 51958 3555 89432 55671 97057 63016 58314 96553 10560 98549 68089 21670 69309 7155 68986 87381 26875 26378 96255 98721 11963 39410 44413 98261 77218 38792 80565 37944 39303 53798 46265 71925 12337 62457 7461 82827 9486 3726 50700 82513 50652 47363 54750 70571 62412 47893 63552 2312 81767 93533 84219 77545 90761 92676 3967 68896 10527 50314 63776 71444 89353 37437 27748 94306 74760 80429 2013 20990 85378 39084 40681 28974 86207 16073 59644 1730 42142 34255 95192 49352 91426 50589 86273 85128 47919 75215 84967 63128 1804 31497 97051 23108 90869 44955
93195 6687 53711 73899 59938 31940 89386 10684 80536 94333 91578 69691 31257 71102 97619 60001 32450 23947 97014 58516 14407 48359 87248 89519 98379 51290 42654 11057 26178 54174 55262 10793 29232 89685 1368 23909 11971 26790 83402 39967 22097 78860 6734 81571 33186 49765 23610 22638 9859 22162 22548 78634 19703 19127 67926 42577 82789 13054 29820 27752 76528 52654 7156 90407 81857 63667 40926 55222 39325 26832 55239 27195 30015 87854 60299 57320 75733 19254 21382 97888 67385 72079 70984 35787 73520 60666 63573 14961 34754 23367 21523 99422 7450 63381 67627 7867 51635 10664 21839 88517
2840 39397 81412 81345 81022 98524 81624 56923 2462 48440 89114 96349 83176 4157 92609 51755 63234 69791 62947 38681 51723 39134 20735 53701 45919 31060 91019 10526 9578 15901 3215 48308 46816 34922 63114 43348 59167 75223 22180 48865 50229 44936 66052 85410 46503 9901 77527 60543 48916 4297 69650 66167 68562 43308 6366 60065 74262 75919 23252 61508 5624 68080 22643 31940 51600 70133 79437 47217 7714 10676 86350 66811 24688 90013 21914 36444 39270 63331 54034 2997 36554 1013 84335 80893 50345 74096 50729 35358 86125 50962 27890 14056 54407 54070 76090 53014 50281 1604 88332 80156
9245 34280 23965 27674 70925 94840 43207 58675 89963 69545 60202 43541 1458 95347 84868 19477 68227 5220 38234 46632 24024 48905 47017 56973 96654 45861 80274 76866 89853 37863 92563 31095 76751 88309 25469 13878 74804 11601 4265 27656 3462 44971 31110 78846 58167 16815 68037 43126 38718 41272 51945 32716 29961 26190 98342 51939 89311 61849 22069 38203 70144 58195 41905 89735 45052 75510 33016 35640 93202 26710 10342 89055 87658 61699 69446 37465 25161 41361 46089 13202 56722 3291 79510 54457 44382 84165 24524 22518 11535 55488 21486 48641 37448 70071 45324 75437 88104 52186 16583 991
29362 42652 80896 7852 95082 95006 35055 37101 18595 91455 93753 98020 94121 91783 68866 20166 30299 41597 59475 75439 63799 46933 39294 11276 24168 39962 31926 37182 67665 31221 26850 42071 9204 8192 14147 99608 56479 43769 91171 73620 93699 8211 29552 59271 50702 60944 64832 76748 75931 56170 11542 52053 26821 28316 53279 1607 909 14334 618 73401 59050 41250 95687 16316 7846 64457 18014 35615 19670 25853 39942 373 39201 62181 50276 42776 13274 71584 8320 95847 30388 5311 66186 89925 14033 52050 2786 99100 13464 64865 24462 51104 28244 41098 19686 47643 67202 93371 96178 13137
29080 74068 97297 68783 26698 31994 93896 93291 96149 31673 7643 64831 37306 43615 19997 91972 61744 15570 78356 16392 58959 5069 48299 15230 7375 50095 15093 2049 45069 29148 13619 9197 54850 90441 48074 58589 4833 57663 6177 78242 70789 27753 60271 16277 2069 11429 92405 37308 37674 87908 1085 90977 48893 65615 16298 68515 54516 75360 32060 13621 19456 29331 49195 93408 25636 39817 89488 37874 56292 21919 21776 20024 40262 8778 16679 37069 72790 85166 88965 54623 64490 92708 61713 95586 53877 92230 48018 95773 7529 61448 32249 25072 82262 14769 99223 31911 65921 4033 92434 43672
92161 42130 96325 59323 12641 9782 28885 21115 62065 19001 27992 8964 78700 60959 25337 15814 15371 3649 91546 34176 4408 82047 68919 2755 16474 51839 29943 21467 49480 57574 53134 25319 54581 52705 51891 97555 55575 97623 54176 20230 77535 52537 92288 25600 95564 19937 65610 4308 32403 19529 49594 41638 62664 10646 50438 2864 24800 66424 76938 48765 34833 72922 23733 73983 34472 3463 83845 5599 41888 30330 93838 75531 11457 37436 2636 33127 55732 20849 4545 29333 82062 18985 85877 29860 92167 30884 61860 44156 2954 70023 17354 87868 76502 8997 10287 10191 6801 13357 71928 77546
54687 40454 34379 63627 59865 43262 10634 38854 6147 9674 32506 58261 32526 60492 34151 27366 30599 99719 98537 18906 17000 37275 20703 39013 75520 69411 95045 51437 73056 59915 63880 42670 14783 6029 38663 55433 78044 99695 30774 16220 79281 98536 4258 31169 50873 34535 15499 61229 34078 82947 52360 14092 56022 22122 10734 89060 57124 16094 70697 15542 41160 27725 60536 94828 90436 80151 66504 35422 94457 24860 43458 89504 1326 95607 78231 60617 34935 47648 51233 89577 73303 52924 90834 80870 24148 34489 90800 26978 27746 30082 66046 14419 28912 66446 29893 3909 22086 73683 60025 33205
20537 82367 74444 12884 47905 15914 89006 42910 20546 29613 9970 70861 25026 63289 92327 83900 46307 52601 13545 73365 80675 27132 68085 23862 13064 54730 13067 30538 18992 72713 30089 19031 64152 14355 22896 5374 95428 63290 20523 29158 90010 52073 69079 96641 8242 87638 71806 6397 54861 29940 71971 14107 29368 78910 48158 42221 81082 93971 90639 24748 86317 83641 86867 97356 99444 62956 18784 90450 24345 79150 66503 35823 78253 78650 47329 55976 16328 60940 67444 47229 85284 95311 84026 74365 41591 90270 49008 87275 58676 50685 19608 12119 25369 62982 33781 91356 43344 60400 46392 98054
19004 14066 46875 39526 67023 78406 20623 84477 15201 28046 91792 98398 41691 20851 56376 98046 67099 8869 96485 3082 73478 74629 36270 56265 54606 94463 91380 14421 10796 56921 96965 92132 49970 32099 75875 66128 93839 87688 85344 25530 19768 57423 24231 9475 79679 35132 2889 1092 15711 48919 59322 88363 75561 49917 97016 91717 78422 11207 8093 76321 12678 88096 65362 66263 33388 75190 39110 90790 24445 58641 34094 1398 53692 96126 64809 16740 69781 70120 84268 75599 74566 29551 84751 3341 14307 69448 72274 73431 46198 76082 58267 46490 80925 71741 62306 45837 37873 32020 32334 15311
56206 63120 43753 20991 40391 75377 55544 73518 98386 78559 5330 20153 2138 66824 47859 51729 80210 50026 83384 80723 36627 25582 58944 60768 44009 41342 73986 13478 59164 44385 17831 58024 99711 48755 80871 99942 9327 19405 29881 53293 47076 49458 36019 69446 32923 2722 91419 60076 11426 71897 41304 88063 94689 36754 83885 1625 82832 85139 10533 86618 47591 40115 48733 51006 14370 50701 25649 18285 76181 88309 85534 62184 42126 44408 89546 77940 90285 1198 48829 27776 41824 73441 29508 59768 71638 67601 27018 85691 73340 90767 21171 58193 59015 43275 74909 30491 60168 94115 68150 49223
1257 32903 20946 41475 48686 48535 82033 50826 32273 88876 26797 58001 45920 64486 94958 63113 19415 85700 53833 55381 28526 51591 26271 95249 47962 78471 97388 80902 61469 82977 61724 77690 54171 43477 41420 35064 94229 56258 479 74127 98938 40858 6211 53792 50005 76246 44149 57606 14057 70412 44666 94439 30629 659 43165 46064 94908 72136 44558 62738 95028 22527 90480 89985 5583 75838 85899 53903 22748 49721 19736 513 79201 43570 31532 6244 43590 43153 27024 69367 62991 45094 22769 79825 89350 74985 80337 4486 721 58488 94936 7035 62783 13036 26592 61241 33500 33462 72604 45339
94745 11859 68104 65637 33965 43013 49307 43490 28412 84494 22953 24775 8215 84823 97819 55255 9429 42669 77089 1660 79835 13184 2738 87515 18408 77138 74455 83504 87933 43030 8302 16339 5325 20734 50427 67934 13349 67940 8333 26859 81452 68226 35583 40141 28473 84344 89672 14044 47135 42578 2106 12361 71211 96730 17811 87444 85481 47629 26965 20225 64199 42970 92135 82176 37600 4319 43026 34248 97858 50231 55829 79048 67651 62603 996 10756 35015 40000 97659 23039 83123 93900 76126 96365 99325 50489 73806 61877 57235 8754 86780 90701 78730 88490 64407 54538 42698 17377 13681 98777
25691 97762 266 78839 39882 57992 90861 15099 83326 24188 56190 17314 17050 52935 68330 66389 88149 33977 99783 70402 21602 12895 74980 58712 59353 17253 70931 12670 85536 61694 30948 24310 26028 7657 88045 89745 65283 30342 56119 8433 42804 97652 87020 79886 94615 43079 23175 81277 45163 10825 64954 33545 20679 82222 91648 49977 4849 55997 32540 45783 12107 97127 45002 65855 91312 59884 96540 9676 28846 96653 75306 2150 18164 17637 44997 3150 67268 33782 4258 42440 78198 56227 49280 32130 23738 67345 35972 4517 66817 48532 138 25603 11798 12003 39797 15468 14898 26056 33368 29843
97737 62861 85844 68446 12911 64620 98040 94032 30959 85961 49066 5176 59811 30625 80347 88457 56101 18811 50636 94596 60997 14777 27377 44078 45138 58830 54781 11335 49279 87557 54620 52662 32348 41972 55396 49966 94403 95849 22570 25301 33218 60579 90297 1725 19099 78039 86885 42607 38149 96965 1460 25669 96428 21698 31412 32784 26516 95021 15907 8014 54705 42079 49864 18404 84456 12022 14598 12582 89183 60926 28669 77020 38153 84072 84653 81559 78011 38310 19970 14093 67142 55171 49739 75813 87706 30722 26179 25673 23056 55960 96367 605 52502 6317 82164 46863 11347 93632 60583 82015
6106 13352 27833 68724 33247 91463 3799 89399 94209 1699 64113 4355 95073 77086 15198 56668 14622 85548 70421 3466 76777 67949 22984 43600 30783 31191 3667 587 86102 91007 35859 69382 71239 12233 71672 53103 28764 59314 14741 88189 9419 2390 88152 36206 98638 39579 75682 50876 59542 9312 25156 14182 47348 67612 9773 66313 12605 53459 86828 86621 24562 71141 54933 74384 43113 46911 29296 87372 7522 81068 46406 53942 81366 45642 73277 84256 10901 47185 80241 95839 79244 74291 72996 58597 17277 90928 58885 40253 31744 56879 78544 43251 68021 44963 9581 47524 61475 60022 58414 10743
89563 50282 25335 36008 98542 57491 41497 27613 24533 30865 89113 39396 97581 89147 1989 66101 5976 34842 92946 99537 3436 62557 84486 46887 90535 34581 36914 6503 90095 10192 68206 88694 28454 14948 90060 96201 82761 34580 81578 69310 4647 20909 80734 69693 87541 33840 35160 71910 91846 77640 99770 60316 59576 53887 38742 1849 43629 94284 86715 12495 51363 15955 10149 52320 42193 62039 36730 10189 84857 41938 39354 54471 36831 30916 78342 17207 54262 10637 20817 29019 42738 16733 76401 83361 31419 37535 54097 52477 50699 91429 76073 16597 18463 90001 57697 22330 74856 35084 38337 97716
89662 12082 93368 30640 99993 4018 75270 61983 29418 62559 5067 4847 25738 98865 72706 16388 10392 8019 94757 30185 40072 82848 19490 30830 64638 23795 4098 22055 93072 92539 9863 28831 64265 59433 46318 3828 79968 39657 71737 17511 43937 29892 26400 864 74893 87530 84173 80756 8993 3922 36611 88520 3258 50598 94176 88908 99112 44018 93651 48876 85804 50863 62252 13387 69542 49182 23472 64793 35869 33572 30273 1866 61927 69745 2356 6132 30155 7994 27936 31348 18704 56305 88959 70371 70954 28944 48391 29421 9927 87272 34388 15914 3552 90941 42736 87233 70281 61929 81061 52892
64942 79025 9888 84474 28806 8260 16144 63577 52468 27228 16354 22166 74691 38920 84263 25469 32876 2803 44187 10076 66549 66868 66515 4663 25041 76018 28982 87309 46422 81214 17025 87797 47950 91150 41849 89758 20696 56202 99881 11880 84649 54574 81833 73656 38807 17512 52667 25402 19390 22996 78762 26121 35852 15290 91369 29117 86535 31572 28699 37623 31762 87623 59568 37465 28938 93485 74400 4653 93255 78420 38034 33341 3167 4097 97035 8691 72876 66241 54736 32449 89556 31406 90399 10593 40589 79547 51191 82285 82367 75310 86613 23550 21898 50365 70271 47328 50128 36388 68282 75263
65730 74404 20721 74814 2757 66333 57409 34847 59978 43610 80444 25993 95866 71310 85458 92871 50652 2458 34063 60095 8753 36687 53779 42024 3941 73762 41330 58558 30657 23819 18533 80577 92791 15924 58245 75482 61626 63010 26478 68556 86865 27394 50526 83742 76955 69328 93812 73363 15432 18828 98008 12739 67614 19929 90042 10206 6672 48631 63944 71500 3963 6782 26397 69845 67662 18423 85360 85376 59880 38205 68924 51494 8197 78411 34956 86054 24298 40301 68864 36071 3635 27376 51835 25749 74438 72542 80081 82735 72031 14185 91565 73028 2878 94755 10878 50022 61300 94366 37128 55315
56258 41435 74338 87268 36856 17019 99576 5400 39963 13332 33913 63466 9506 84554 7382 515 60539 74889 85566 28021 5179 65590 62520 77398 94728 32704 26680 57439 31206 14226 60615 10336 84845 50028 13143 82077 72966 41079 56716 23005 90630 79814 80303 70565 88362 24823 60724 7637 1702 4863 79969 23947 75936 63405 49998 75107 37727 1804 91330 9684 56282 5717 95609 2152 50665 96266 747 83677 54979 61053 41186 7520 48238 72910 95860 7899 10921 91724 81025 26390 11378 66068 64639 87602 15625 2426 77949 57583 33977 16219 61805 82208 83074 68639 90734 97745 69148 78237 92871 62361
66932 83779 92373 78204 25675 74877 69121 5789 72904 33476 76551 15245 58884 93577 92353 89957 96001 82395 96159 44822 16340 90701 4022 31979 40282 2474 98124 76246 62040 86760 88392 46953 62417 80186 41791 53009 57674 50107 31880 91947 99613 89227 14796 21580 30969 39978 14349 30820 2724 99776 75861 82754 47257 33569 26853 72409 61163 37131 99691 61713 10238 65955 26544 88499 46036 36669 2209 12551 82825 43679 16271 86778 86068 29691 56522 19983 61964 86543 81574 54498 98715 2494 79610 30429 71444 14811 40800 55111 37606 70581 89514 96493 46324 69560 75151 83182 26437 6523 41327 85459
68195 10619 766 96490 72704 42823 77996 85767 95697 90826 66984 68186 78377 35619 27648 90017 57384 238 60888 30860 25731 2253 39699 10920 39156 89806 71281 36247 42875 45111 98034 67884 73676 71586 51828 93233 71344 80532 17988 71310 39301 56895 89467 51206 96661 93199 98219 47635 89584 39372 62363 35082 93323 5750 37403 47250 33288 17760 44531 9298 4455 74569 85858 82781 16445 59455 64582 58077 45029 69340 61152 36842 77643 4231 23371 76855 33080 76931 95540 2459 3446 244 84339 24301 57071 37726 68575 52339 22144 36493 34730 68627 71902 30543 28114 96047 94273 7215 47492 64380
99177 82990 4243 28984 79861 70132 6080 61796 5994 5932 38644 28068 5046 90388 65332 79814 11006 14941 64 8760 9079 25935 88052 44849 66595 42585 11166 96947 1814 20003 7239 26714 91501 52439 79232 17336 28907 2567 58259 89826 12537 7782 96518 89999 72073 37664 18508 93637 97139 6639 81306 22555 88351 69664 16385 33703 55435 9068 22581 84009 51380 52514 54639 35908 83789 78388 88521 60506 65583 32259 75388 55662 47557 15643 14120 69819 72813 26230 25562 6330 98858 59992 3474 78912 7635 78390 46545 35875 28939 73434 29385 13572 50590 58309 61304 41715 6911 65573 80237 3515
74866 878 26496 73844 43308 29838 17842 27229 73163 95546 39328 53631 5788 94032 2869 30728 24457 76192 22784 8611 54820 18179 94397 79885 77252 88887 46469 71197 55794 91938 94604 73876 70130 93535 1616 88667 78114 53987 52210 85786 35647 42339 76224 64436 67652 56090 73953 1267 13466 44992 64577 3437 82218 49065 37038 42091 27750 93455 70937 80619 61442 82216 34506 39178 52275 73115 87905 42581 25277 64661 89317 41845 88869 12680 81164 54397 99890 5303 78887 53596 1141 16149 54030 85558 19936 39103 72036 39113 4243 47453 57144 80889 42055 64664 82409 15735 48008 16361 61280 56587
48844 43709 98901 6022 47813 6088 72252 85855 41874 15440 39269 44755 87952 83850 56818 74690 92582 13648 27145 89336 55554 97117 9758 41666 9640 52420 76657 16383 93930 79721 32054 80127 80725 14290 1909 63146 25559 21257 82978 31380 29698 2943 12691 2105 29339 17868 44698 61682 26577 82688 83733 35720 56442 87400 25761 40480 45844 97854 41026 5454 16265 84364 45075 44941 24457 4743 23417 73635 97566 79631 75064 44049 57688 10020 90839 76249 82990 13329 82979 28827 59092 1568 88663 4494 6149 81880 55298 36291 59225 20824 60143 17389 54040 84416 15416 32942 22678 72275 57852 43960
61632 26614 99529 88550 94665 79251 57263 15255 67757 76649 5584 66786 70489 24937 82898 63559 31783 35400 13144 74178 15073 67830 27121 44747 39159 51284 68026 34047 53981 75875 28537 29698 46840 96139 98356 81600 6419 26378 35049 45968 4588 76678 38879 25077 24194 63495 3853 6228 48490 3133 7936 67794 73984 41604 94759 90443 65507 67746 12500 38023 20299 31530 32487 94931 39324 66223 61541 44928 72956 22853 85473 6480 85109 42165 25484 76614 4564 19899 95746 62033 39775 28182 67579 31582 2874 12827 65654 83733 5381 7054 69291 12695 66571 16718 74864 60826 26909 72333 43644 61563
67700 52871 8178 6919 7615 58031 37227 40291 50616 33752 1374 4536 58347 15985 33894 43269 88329 70532 25386 53531 75997 9128 6826 50190 23650 68107 66682 46194 30559 9819 91459 5379 58597 11198 637 63206 20998 63279 25483 88924 83462 57945 50338 78893 64580 7212 15394 85397 1896 98982 48387 3866 14680 3178 4661 42394 40238 86687 17627 31289 73296 68726 17468 94020 47840 10639 75977 98900 55489 53628 46650 54859 58811 69392 27072 68034 29660 99581 91498 41454 36868 98620 72601 70001 16193 68953 6892 8918 32040 44979 36 44989 95217 81948 11049 70407 17675 81066 76187 35657
76400 58325 86632 66669 27853 30903 94711 75378 58115 56580 62524 98987 24445 80396 87593 65133 57919 25348 89439 18641 22779 89995 25625 5647 484 3518 19936 12440 47011 55539 14168 25660 94170 18958 16214 34963 26354 94063 54294 94759 99326 4724 66951 20541 97772 38122 37188 63349 93081 37864 80118 59760 71859 37147 12978 13759 26286 47946 73454 88875 54565 61194 89372 94473 90385 69733 50409 20641 95305 55267 41130 36895 56328 19716 54841 63783 96858 84516 81455 36445 85846 84536 95555 52061 33451 19825 2321 70755 5812 21856 18505 48718 23068 36560 82468 50029 49848 43328 30684 71180
11055 81367 65830 67958 53344 24943 14539 39521 4562 39635 23371 17502 69706 37688 90844 41931 58514 18437 83486 62182 23787 82910 65921 61025 42833 11701 74441 71139 50431 83643 40781 69536 34018 40713 93776 74393 93261 43796 58710 30833 8710 87059 57924 73059 9056 68385 28729 47809 76978 66000 22292 59310 45023 4733 98180 30922 38146 84518 98467 1358 32397 51391 16208 55840 87043 83294 19100 940 98523 33313 58685 9174 46522 93872 42901 62522 71552 54143 84039 51379 83307 40959 97199 87390 76667 90229 21612 95425 20409 53138 10118 96617 37476 20678 46890 4787 97934 33762 62360 63669
58952 88102 75852 83379 28231 74130 66183 71483 47916 21370 8498 31118 75294 17972 6122 12660 28934 28267 63715 23865 18130 12924 22808 44116 83929 83275 1565 61974 65074 98712 79268 77097 33084 17988 83762 78886 97145 18109 2121 40856 45477 55693 35397 77463 63695 48625 25473 8847 56195 51517 92502 64959 22422 67351 92054 47541 90334 9876 76863 85024 60216 1786 83840 75946 18826 29690 30125 47898 79340 49090 91745 62938 73925 85834 42754 87340 70942 49100 61082 22595 46359 78700 34419 82422 72675 88350 5148 20267 47280 39313 2417 90354 14831 5919 27181 18164 34424 81593 90647 2953
92206 66318 45033 50845 93842 14020 46312 4503 44549 74809 12506 22391 2542 89417 76116 80143 97220 79702 28777 13755 33352 30920 76628 49926 66428 82376 25072 36875 32158 64796 25506 51431 79523 65615 95426 60777 76123 76955 27606 23755 87593 76284 9438 12225 87930 80436 55293 64630 51838 69115 30332 91255 11072 11840 17239 890 86470 96914 71817 48453 21013 18450 49021 45459 47602 2660 487 14831 74217 80065 24180 58532 41249 10171 61689 21391 35859 78985 82249 80807 49183 89515 23663 1623 60513 35392 10413 3916 54442 75206 46142 35059 12352 67775 98202 8585 2740 65009 10478 20778
4539 95407 37674 13601 55765 13442 66784 71902 82711 2639 81243 54300 77217 84206 74885 86159 16354 15522 64360 51291 83226 99440 64385 76165 37966 98919 52239 89910 48851 34056 2887 55929 53065 86992 75640 16270 5339 47839 7580 59384 6148 67257 30501 973 89846 54693 38557 91786 45565 20885 86880 24319 61600 40547 36334 14292 24539 3731 63141 62620 23434 8502 9462 10374 36502 95709 22560 47517 5639 74165 87760 61897 2714 37270 49872 6602 16121 55178 25565 52089 27432 42676 48841 64914 70894 68990 79795 19405 5129 95104 96357 57184 68002 25494 71412 62119 61753 62088 56034 28627
66035 61432 37799 48839 32936 62145 66724 51131 22331 23396 75913 14111 48395 93481 68846 43288 84433 20483 44217 94686 5466 81275 49083 47141 58015 6980 72897 94764 49701 85414 20189 84060 62542 7283 57631 55181 30307 79612 7784 76464 84014 36289 44600 10208 11023 30335 49133 83495 82289 22294 33713 95356 28654 40616 77036 96412 30324 46234 99722 26032 57900 39221 108 92549 31234 670 10956 33919 60860 33366 38219 20312 42928 437 53353 19228 7629 99515 87454 27294 55153 12408 59359 53926 44076 93008 71829 3602 33551 35065 64731 31879 90568 87519 59323 48544 89314 88838 98290 91872
62134 20447 4112 16681 93902 95491 87204 22924 67661 34415 14743 44605 74506 12823 10017 67747 76965 98996 63411 17381 35146 82705 79579 61566 76840 43166 90801 657 73293 93827 17155 17958 43862 52221 18546 46016 10717 34793 7464 85848 46620 76541 22032 3165 45515 28103 42254 9691 51832 34439 21497 20972 84419 12572 93008 56696 86809 88777 60036 76931 90394 48787 23481 13306 12102 70784 92490 94497 30031 82210 30736 28373 89309 93059 35666 38720 80665 98305 57554 57223 82424 98319 15412 76469 92307 60831 64915 44841 705 28417 2468 90517 80632 18501 91095 36910 4137 72642 73 83402
74356 12028 18256 46181 10645 37846 26522 59381 27711 55931 12655 17318 65580 76820 17019 23793 73549 34938 91954 81621 81635 275 85392 76145 59769 27086 41135 3147 57085 26472 34956 56373 15951 6256 54207 10755 29131 78465 29712 63988 48315 16841 29494 15081 31596 33293 79104 37471 8993 55733 30003 21656 39320 273 72884 27240 20870 36748 21434 31228 65156 83263 54018 87174 73168 99222 7538 20814 13640 45078 700 51026 68373 91804 54517 77002 54507 87692 23517 9765 72948 98408 62148 92371 2902 64292 93415 83347 34831 49843 6203 70000 31425 39991 27120 85783 83410 13003 43152 68936
47443 11264 9775 77937 80142 32521 74915 43252 19440 16491 21487 15657 95871 72784 17093 52148 94560 17137 14031 30025 76270 89816 3915 67674 60986 95418 66443 80960 93678 31926 74644 33551 17271 71838 48199 23611 81470 68921 21480 22626 43923 54549 55813 8020 38011 11204 44588 28110 73347 50059 58575 16815 91887 19945 4041 93504 17204 83027 51474 57090 17980 80702 11878 44562 8819 59598 76407 88299 86374 76293 3536 48415 99719 61686 93757 75025 44790 96323 36594 66217 39266 9812 87470 80317 22067 39706 58831 68734 20488 86024 74832 69582 98132 95563 50078 1064 12873 74671 8629 74111
89891 70114 63792 32126 22820 63074 78226 45017 75267 91961 60598 13358 6812 6514 90880 90955 86036 54428 52154 62946 19272 32675 37409 88588 67172 16299 98411 55622 13543 58164 54614 5394 45586 6793 68343 99835 90937 74960 36740 79313 1086 47656 95808 92577 67468 63079 15816 38552 85 30666 97955 51749 75130 52108 5975 30471 35715 61219 77052 86317 45346 41818 23730 63922 78419 9386 16153 70884 66627 64486 47046 54560 32811 27335 82311 85741 98542 92187 49814 61856 61139 1763 62774 15700 84155 30680 44240 76014 90291 37716 46111 42015 77667 6458 56378 91855 84714 90340 72451 76251
46828 20460 91115 67353 13371 88968 87447 67596 39545 42432 56086 27624 93954 71463 53138 29088 86044 96646 82189 788 77768 26237 15541 5686 70781 49841 71673 59980 57379 75349 85785 13311 46046 73241 32793 39499 75952 28790 84405 59401 32016 4183 15178 48931 69220 57011 6964 7360 28043 36416 34756 49257 86624 73086 64985 35880 99725 16766 6439 58093 76505 66077 27172 60851 91080 64244 20344 20775 42324 17018 60349 72624 27452 64371 27955 3174 41553 83888 86550 46284 57166 46680 36385 36752 42675 56947 5163 27480 75984 42950 36640 52366 43027 53223 87552 82874 20694 79781 29315 40806
32561 65142 1758 26930 59240 93343 62255 9775 72131 17880 94443 23226 23576 30871 50712 85031 98772 39302 46503 4018 49409 62601 75242 98457 66273 39675 62222 35666 55482 80975 87686 55577 20772 78620 36324 98075 19652 71462 6976 17116 14435 58219 3190 2938 79237 74985 59641 16757 63811 31237 8791 76638 3632 27447 6818 15009 19500 23214 57515 62844 98575 89173 59603 4436 47469 74979 56085 99457 81577 34602 16495 22100 21022 59581 25521 12372 96057 21189 15093 77424 25435 53613 63061 41343 47320 87654 5678 93571 21758 9102 52812 26717 75289 20043 63437 94833 81066 32375 86378 20726
38038 92794 27815 42585 33065 17829 81769 31515 48034 49476 39353 92050 63313 20580 80496 40410 10572 13490 44012 21517 42953 57150 99201 39206 94539 40573 23069 48567 5898 39138 25638 53544 59571 61776 427 63609 42653 11245 18090 51298 87864 73210 86165 80093 62236 72949 56690 86627 82431 31867 22049 83617 550 52087 7167 3061 380 10267 71080 97199 13540 32700 36114 67074 28475 41209 62850 33994 22254 85056 2378 51573 2713 18459 60845 23185 2246 33629 92542 19657 73556 23478 40277 20283 76664 49705 30912 24868 12023 43102 96599 90167 74211 29318 18748 35832 1755 44964 83116 36415
57940 13976 71558 81361 35482 24351 96045 87878 52174 17092 76831 23217 56714 28907 86481 93756 6287 46123 48165 49879 27203 37348 62471 10902 36430 72222 47800 32730 55486 49435 89051 32563 55395 42010 67373 1387 12936 97060 67147 88579 82016 92880 21169 90286 24433 94351 19101 94657 70762 55617 34216 12355 8746 55126 66720 1983 80082 1532 90073 44301 70161 95939 46952 29027 26282 42298 97253 16795 31369 23116 73170 8779 78299 38703 94863 80215 9310 6306 99890 1336 57480 64178 88009 11374 84400 56525 40152 44551 50489 8713 74926 86719 57696 43135 34986 4337 51629 90735 66581 78628
12054 42853 23179 94788 82590 84987 28870 27316 37836 82143 54691 39984 8442 7015 83692 10209 2140 94160 82227 86054 98080 41536 15340 57245 43995 53643 86996 17009 32209 32250 99505 41922 99297 90481 37942 70647 90733 37639 51442 49028 50141 2407 52210 78969 87922 50807 18140 63718 10150 31603 28066 9236 80715 1930 39034 25365 91680 24030 64153 46543 64584 23275 67261 200 53123 59482 13914 23488 86280 19314 29820 43044 11632 62559 96031 53582 63198 41166 79051 6285 69591 96038 46118 89546 12663 2302 30739 60909 99553 56547 14879 43900 90698 37124 2924 36169 83390 65337 37949 61249
3313 90270 54563 19895 37830 18869 14609 78197 82318 58875 56789 84488 97218 68368 44083 64950 10133 7885 59643 17430 22903 63995 43384 71692 88270 75162 1804 8405 75514 32789 82963 36862 51179 61546 62592 43942 47508 77428 78929 891 40371 93469 79773 27073 16633 12746 12170 2799 87462 98664 9289 42751 93719 97800 86040 71077 62224 32229 8408 8781 89949 95222 28267 68044 50227 11746 54815 93231 72328 95920 58778 50858 44994 66082 60831 91207 92956 40007 74020 68924 73038 7648 22706 79683 45985 93033 711 20056 7764 4424 5736 79277 67374 56984 96468 10226 97538 62038 21300 15751
860 12497 7838 60234 28506 14809 40500 73179 23985 74630 23795 50939 797 78309 69799 82803 12672 56666 35425 6284 29696 12059 17166 53704 4855 15518 51434 38449 99485 10730 15028 57157 7094 20612 78970 45976 64241 5095 29060 54609 60836 61340 25399 82032 33666 35129 48341 86227 96857 79204 49435 16926 62706 32394 42381 76750 9957 6170 64461 60041 90597 3181 53476 94645 30515 83035 21775 15592 52240 71789 7738 57336 28790 94134 75537 59692 41424 84784 66046 62598 97444 40649 22695 48643 91175 86483 74381 33576 77544 72861 76506 76104 37077 87239 20005 88300 85857 12573 94796 11760
70812 73491 51559 99953 8169 58857 38479 26540 40697 56120 8130 96503 305 96672 18844 61188 48225 59537 67149 23736 89955 56598 62298 46247 40807 6273 3019 4941 75252 11835 256 70305 9781 25163 49364 80666 31575 40386 60180 12149 11081 70995 42869 89205 38173 45677 20385 18345 32675 7456 12744 92806 90295 17306 94969 29427 20354 76790 11195 34639 6663 30873 74091 65353 51025 57733 5791 3602 59212 41460 46844 29039 34118 95 74597 33132 28216 77787 42837 90459 24080 92033 45399 50170 67828 97496 19027 96660 22524 4273 38230 85332 23727 1616 96073 32302 19200 32070 69089 75216
30613 62443 48938 22295 72564 58834 4390 77531 2277 73591 17713 74598 66987 31902 55822 50395 74871 35431 54510 16730 6380 52250 49626 61927 98427 39536 34836 26202 72287 57593 18559 84478 71567 62130 69205 39162 63671 77900 46919 6011 37353 91639 98753 55272 14335 93655 65734 2178 78033 80626 89184 15781 41731 26947 99816 53158 28766 45187 26292 59061 52912 99523 44778 8365 42693 93267 11615 12648 4033 32785 12156 49977 7569 79105 66244 31387 21681 30689 49067 65306 92788 8950 61240 33347 56760 28019 18640 64307 66046 16978 8653 9080 45732 25353 90019 24602 41951 11519 1103 8217
7369 16771 99496 7353 11670 25693 78991 20114 16724 26247 14225 72533 99841 99307 972 43563 70544 81939 96066 75139 28427 88052 23984 49015 51177 98063 73858 98706 17166 26054 7404 16524 1603 78416 37582 38720 61367 78822 5486 41596 45020 58842 65625 60355 94424 6954 36771 50227 75203 39691 10512 6525 31161 15978 7901 45376 34953 5070 89844 63017 9359 42533 64092 23388 93591 56549 16162 66670 87259 77631 2406 39291 43071 27841 85596 94540 33718 43015 28086 72888 94806 51448 4726 67573 29408 69776 416 70119 61113 24837 93765 68844 70408 57743 29877 98108 72868 50537 89042 89391